A   	B   	OP	N	Z	V	C	RES
273c273
< 0000	0001	01	1	0	0	1	1111
---
> 0000	0001	01	1	0	0	0	1111
289c289
< 0000	0010	01	1	0	0	1	1110
---
> 0000	0010	01	1	0	0	0	1110
305c305
< 0000	0011	01	1	0	0	1	1101
---
> 0000	0011	01	1	0	0	0	1101
321c321
< 0000	0100	01	1	0	0	1	1100
---
> 0000	0100	01	1	0	0	0	1100
337c337
< 0000	0101	01	1	0	0	1	1011
---
> 0000	0101	01	1	0	0	0	1011
353c353
< 0000	0110	01	1	0	0	1	1010
---
> 0000	0110	01	1	0	0	0	1010
369c369
< 0000	0111	01	1	0	0	1	1001
---
> 0000	0111	01	1	0	0	0	1001
385,392c385,392
< 0000	1000	01	1	0	1	1	1000
< 0001	1000	01	1	0	1	1	1001
< 0010	1000	01	1	0	1	1	1010
< 0011	1000	01	1	0	1	1	1011
< 0100	1000	01	1	0	1	1	1100
< 0101	1000	01	1	0	1	1	1101
< 0110	1000	01	1	0	1	1	1110
< 0111	1000	01	1	0	1	1	1111
---
> 0000	1000	01	1	0	1	0	1000
> 0001	1000	01	1	0	1	0	1001
> 0010	1000	01	1	0	1	0	1010
> 0011	1000	01	1	0	1	0	1011
> 0100	1000	01	1	0	1	0	1100
> 0101	1000	01	1	0	1	0	1101
> 0110	1000	01	1	0	1	0	1110
> 0111	1000	01	1	0	1	0	1111
401c401
< 0000	1001	01	0	0	0	1	0111
---
> 0000	1001	01	0	0	0	0	0111
417c417
< 0000	1010	01	0	0	0	1	0110
---
> 0000	1010	01	0	0	0	0	0110
433c433
< 0000	1011	01	0	0	0	1	0101
---
> 0000	1011	01	0	0	0	0	0101
449c449
< 0000	1100	01	0	0	0	1	0100
---
> 0000	1100	01	0	0	0	0	0100
465c465
< 0000	1101	01	0	0	0	1	0011
---
> 0000	1101	01	0	0	0	0	0011
481c481
< 0000	1110	01	0	0	0	1	0010
---
> 0000	1110	01	0	0	0	0	0010
497c497
< 0000	1111	01	0	0	0	1	0001
---
> 0000	1111	01	0	0	0	0	0001
